-1.000000,-2.609205
-0.959184,-2.748279
-0.918367,-2.695867
-0.877551,-2.551450
-0.836735,-2.378056
-0.795918,-2.327608
-0.755102,-2.538926
-0.714286,-2.259250
-0.673469,-2.241044
-0.632653,-2.240187
-0.591837,-2.030968
-0.551020,-2.033840
-0.510204,-1.848987
-0.469388,-2.017155
-0.428571,-2.037902
-0.387755,-1.700827
-0.346939,-1.796946
-0.306122,-1.656818
-0.265306,-1.364795
-0.224490,-1.727520
-0.183673,-1.322712
-0.142857,-1.228214
-0.102041,-1.475434
-0.061224,-1.285206
-0.020408,-1.152864
0.020408,-1.261267
0.061224,-1.067832
0.102041,-0.873075
0.142857,-0.956101
0.183673,-0.819908
0.224490,-0.576056
0.265306,-0.796063
0.306122,-0.758453
0.346939,-0.788270
0.387755,-0.626402
0.428571,-0.504912
0.469388,-0.308968
0.510204,-0.495151
0.551020,-0.128297
0.591837,-0.425861
0.632653,-0.223584
0.673469,-0.179046
0.714286,0.019815
0.755102,-0.110839
0.795918,0.180030
0.836735,0.221394
0.877551,0.134586
0.918367,0.167782
0.959184,0.384725
1.000000,0.553203
