-1.000000,-2.962296
-0.959184,-2.719182
-0.918367,-2.625496
-0.877551,-2.358818
-0.836735,-2.323541
-0.795918,-2.232659
-0.755102,-2.205346
-0.714286,-1.732684
-0.673469,-1.915084
-0.632653,-1.599384
-0.591837,-1.574252
-0.551020,-1.539966
-0.510204,-1.553079
-0.469388,-1.348004
-0.428571,-1.183461
-0.387755,-1.111529
-0.346939,-1.230405
-0.306122,-1.099938
-0.265306,-1.003724
-0.224490,-0.978960
-0.183673,-1.109404
-0.142857,-0.927796
-0.102041,-0.708053
-0.061224,-0.770252
-0.020408,-0.514253
0.020408,-0.802898
0.061224,-0.691629
0.102041,-0.710126
0.142857,-0.862833
0.183673,-0.779200
0.224490,-0.744070
0.265306,-0.811485
0.306122,-0.868537
0.346939,-0.818313
0.387755,-0.805781
0.428571,-0.781342
0.469388,-0.761805
0.510204,-0.935517
0.551020,-1.007075
0.591837,-0.976782
0.632653,-1.081243
0.673469,-1.150510
0.714286,-1.182961
0.755102,-1.064228
0.795918,-1.177923
0.836735,-1.450876
0.877551,-1.356443
0.918367,-1.753582
0.959184,-1.673266
1.000000,-1.800078
