-1.000000,-5.834174
-0.959184,-5.382506
-0.918367,-5.159938
-0.877551,-4.875587
-0.836735,-4.405673
-0.795918,-4.015086
-0.755102,-3.747662
-0.714286,-3.635233
-0.673469,-3.481494
-0.632653,-2.962071
-0.591837,-2.791840
-0.551020,-2.815008
-0.510204,-2.720914
-0.469388,-2.657844
-0.428571,-2.424708
-0.387755,-2.405024
-0.346939,-2.274923
-0.306122,-2.093095
-0.265306,-1.843961
-0.224490,-2.029551
-0.183673,-1.845320
-0.142857,-1.609467
-0.102041,-1.738443
-0.061224,-1.576105
-0.020408,-1.530857
0.020408,-1.409747
0.061224,-1.470801
0.102041,-1.502208
0.142857,-1.283120
0.183673,-1.089069
0.224490,-1.160314
0.265306,-1.181076
0.306122,-0.937353
0.346939,-0.751636
0.387755,-0.943744
0.428571,-0.573893
0.469388,-0.521083
0.510204,-0.510813
0.551020,-0.296814
0.591837,0.014385
0.632653,-0.027047
0.673469,0.138438
0.714286,0.212647
0.755102,0.300011
0.795918,0.688293
0.836735,0.949423
0.877551,1.372711
0.918367,1.468852
0.959184,1.588406
1.000000,1.926771
