-1.000000,-1.248339
-0.959184,-1.554721
-0.918367,-1.517605
-0.877551,-1.827653
-0.836735,-1.655430
-0.795918,-1.860818
-0.755102,-1.837363
-0.714286,-2.028039
-0.673469,-1.883107
-0.632653,-2.119459
-0.591837,-1.885476
-0.551020,-1.907607
-0.510204,-1.813075
-0.469388,-1.858706
-0.428571,-1.834575
-0.387755,-1.808207
-0.346939,-1.735215
-0.306122,-1.651815
-0.265306,-1.622110
-0.224490,-1.583945
-0.183673,-1.583219
-0.142857,-1.712884
-0.102041,-1.477467
-0.061224,-1.491906
-0.020408,-1.315502
0.020408,-1.502529
0.061224,-1.119977
0.102041,-1.408632
0.142857,-1.381645
0.183673,-1.568144
0.224490,-1.381789
0.265306,-1.217077
0.306122,-1.330171
0.346939,-1.164906
0.387755,-1.313946
0.428571,-1.497554
0.469388,-1.343267
0.510204,-1.446876
0.551020,-1.388386
0.591837,-1.360032
0.632653,-1.240016
0.673469,-1.350872
0.714286,-1.386573
0.755102,-1.524007
0.795918,-1.354775
0.836735,-1.531528
0.877551,-1.523250
0.918367,-1.697271
0.959184,-1.777188
1.000000,-2.052546
