-1.000000,-4.655641
-0.959184,-3.866162
-0.918367,-2.695635
-0.877551,-2.442813
-0.836735,-1.844924
-0.795918,-1.612771
-0.755102,-1.453858
-0.714286,-1.386302
-0.673469,-1.313210
-0.632653,-1.136358
-0.591837,-1.038757
-0.551020,-1.101176
-0.510204,-1.066070
-0.469388,-0.852126
-0.428571,-0.679058
-0.387755,-0.832683
-0.346939,-0.618497
-0.306122,-0.744642
-0.265306,-0.806594
-0.224490,-0.521177
-0.183673,-0.650127
-0.142857,-0.395857
-0.102041,-0.394985
-0.061224,-0.673849
-0.020408,-0.200278
0.020408,-0.141722
0.061224,-0.375179
0.102041,-0.301797
0.142857,-0.130813
0.183673,-0.237458
0.224490,-0.127174
0.265306,-0.369513
0.306122,-0.200386
0.346939,-0.239603
0.387755,-0.174757
0.428571,-0.317805
0.469388,-0.272472
0.510204,-0.371915
0.551020,-0.474035
0.591837,-0.674922
0.632653,-0.746475
0.673469,-0.777450
0.714286,-1.004551
0.755102,-1.063747
0.795918,-1.335794
0.836735,-1.418307
0.877551,-1.486698
0.918367,-1.474269
0.959184,-1.413445
1.000000,-0.831233
